-109.69
-44.045
21.757
32.123
-1.6961
-2.5816
20.307
42.721
8.0229
-4.6142
-11.915
22.029
8.0942
-34.464
-1.865
39.515
92.406
76.306
88.304
76.902
20.551
-12.857
7.3203
-10.079
27.97
64.463
72.184
21.196
-28.914
-24.553
-4.8608
-29.192
-55.122
-19.151
-20.149
-19.072
-37.276
-33.537
-33.286
-21.655
-18.069
-34.551
-43.708
-34.514
-29.557
-38.975
-59.95
-54.529
-33.436
-20.363
83.755
-9.0714
-49.613
13.894
NaN
NaN
NaN
NaN
NaN
-38.256
-9.4308
42.974
60.82
50.269
24.907
12.462
37.37
31.948
49.498
22.453
60.538
46.974
44.855
7.237
NaN
NaN
NaN
NaN
NaN
NaN
NaN
-62.119
-66.648
-4.6566
-31.516
-32.169
-30.514
-26.978
-11.619
-10.461
-16.451
1.763
32.846
0.41902
-70.773
-80.013
-46.315
-43.419
-28.047
5.7449
4.8149
-2.0567
8.655
NaN
NaN
NaN
NaN
16.956
51.52
61.114
31.723
-0.55103
28.557
24.928
14.574
14.68
20.392
32.077
4.6434
15.425
34.695
-5.7192
-18.436
9.3636
-59.699
-15.333
17.246
24.543
24.856
-13.058
-26.021
-7.6975
-11.395
-4.7279
-46.968
-45.887
-15.131
-6.6124
3.3096
24.166
4.459
-2.2837
-18.823
-31.881
-30.369
-6.7921
-25.428
-30.185
1.3198
-4.347
-54.664
-83.223
-58.355
1.893
13.859
-11.932
-39.731
-35.352
-9.1283
35.286
51.794
78.721
96.353
119.83
93.604
73.182
46.17
56.092
65.596
48.427
56.342
-8.4313
-19.865
-18.045
-32.189
-29.294
-26.811
-17.468
-50.549
-18.609
-62.045
-63.298
-20.432
-34.57
-22.347
13.671
11.077
-19.324
-59.859
-33.963
-20.385
-65.737
NaN
NaN
NaN
NaN
NaN
NaN
-52.291
21.449
29.28
66.363
89.905
77.113
66.519
NaN
NaN
NaN
NaN
NaN
NaN
NaN
-18.063
-29.003
-1.171
18.962
35.148
-1.1472
33.575
NaN
NaN
NaN
NaN
NaN
NaN
NaN
NaN
NaN
NaN
NaN
-18.323
-18.753
-33.388
-8.7752
28.385
18.52
18.001
10.039
27.256
19.225
-13.614
-21.537
-18.563
-1.5633
-21.881
NaN
NaN
NaN
NaN
NaN
NaN
NaN
NaN
NaN
NaN
NaN
NaN
NaN
NaN
NaN
NaN
NaN
NaN
NaN
NaN
NaN
NaN
NaN
31.334
40.947
54.856
66.421
52.318
51.502
-33.743
-28.09
-1.235
-33.236
-54.417
-58.118
-39.978
-52.745
-30.831
-17.683
-39.212
-61.917
-41.487
-0.96608
-41.487
10.809
-17.455
-22.989
9.6429
